173 257
176 293
182 327
189 360
201 391
220 419
243 444
271 464
304 471
336 465
365 447
388 423
408 395
420 364
428 331
434 298
437 263
197 242
216 229
240 227
263 232
285 242
324 242
347 233
370 228
395 231
414 245
304 270
304 293
303 316
303 340
281 356
292 358
303 361
314 359
326 357
222 269
237 261
253 262
266 276
251 277
235 275
343 277
355 263
372 262
387 270
374 276
358 278
256 392
274 384
293 379
303 382
314 379
332 384
351 391
332 409
315 417
303 418
291 417
274 409
263 392
292 396
303 396
314 396
343 392
314 396
303 398
292 396
