159 270
164 307
173 341
183 374
199 405
222 433
251 457
281 476
315 481
349 475
378 455
407 433
430 404
445 371
454 335
462 300
466 262
182 267
202 252
228 248
255 251
282 258
333 253
360 243
387 238
415 240
438 253
309 285
309 310
310 334
310 358
285 377
298 379
311 382
325 378
338 376
217 290
234 283
253 282
268 292
252 296
233 297
352 289
368 278
387 277
404 282
389 290
370 292
265 416
284 412
300 409
312 413
325 408
342 412
361 416
342 430
326 437
313 438
299 437
283 430
272 417
300 418
313 421
326 418
354 416
326 418
312 421
299 418
