151 213
153 236
158 259
164 281
174 301
189 318
207 334
229 345
253 347
276 342
296 330
313 313
325 294
334 274
339 253
343 231
345 209
171 199
183 185
202 179
222 180
239 186
263 186
280 178
299 177
317 183
328 196
250 208
250 223
250 239
250 254
232 267
241 270
250 272
260 269
269 267
189 214
200 208
213 209
223 216
212 217
200 216
277 215
287 208
299 208
309 213
300 216
288 216
216 293
230 288
243 285
251 287
260 284
272 288
287 292
273 303
261 309
252 310
243 309
230 305
220 294
243 295
251 295
260 294
282 293
260 295
252 296
243 295
