183 275
185 303
189 330
195 358
205 384
223 405
247 422
273 436
300 441
327 436
353 422
376 404
393 383
404 358
409 331
412 304
413 277
211 263
226 253
246 250
265 254
283 262
315 262
334 254
354 251
374 253
390 264
300 283
300 300
300 317
300 334
280 348
290 350
299 352
309 350
319 348
234 283
247 277
261 278
272 289
259 290
245 289
329 290
340 280
354 279
366 285
355 291
342 292
259 375
275 369
290 366
299 368
309 366
324 370
342 375
325 385
310 391
300 392
289 391
275 386
265 376
289 377
299 378
309 377
336 375
310 378
300 379
289 378
