152 291
157 329
162 365
170 400
184 433
206 459
237 481
270 498
307 502
342 496
372 477
399 455
419 426
430 393
437 359
442 325
446 289
189 266
210 252
237 250
262 255
286 265
326 266
349 256
373 251
398 252
416 267
306 295
306 317
307 338
308 360
280 381
293 382
306 384
319 382
331 381
220 300
236 294
253 294
267 303
252 306
235 306
340 303
354 294
370 294
385 299
371 305
355 306
258 427
276 414
294 406
306 409
319 406
335 413
351 424
336 440
320 448
307 449
293 448
276 441
266 426
293 423
306 424
319 422
343 425
319 423
307 425
294 424
