128 324
134 372
145 419
157 464
173 506
198 543
229 573
264 598
301 607
340 600
377 576
411 546
437 508
455 466
467 421
477 373
482 325
157 298
178 276
209 270
240 276
270 288
324 288
356 276
390 272
424 279
448 302
298 331
297 363
296 395
295 428
265 452
280 458
295 462
312 458
328 453
196 329
216 317
239 319
256 339
236 343
213 341
344 340
363 321
386 320
406 334
388 344
365 345
243 516
264 505
282 497
296 503
310 497
330 505
353 515
332 534
312 543
296 545
281 543
263 533
253 517
282 515
296 517
311 515
342 515
311 518
296 521
282 518
