101 208
104 236
107 263
112 291
121 317
137 339
157 359
181 376
208 380
236 376
259 360
279 340
293 319
302 294
307 267
311 240
315 212
118 194
131 179
151 176
171 182
190 192
221 188
242 179
262 175
283 179
295 194
208 214
207 231
206 248
205 265
187 280
196 283
205 285
214 283
223 281
142 217
153 212
166 213
177 219
166 222
152 222
235 220
246 213
260 213
270 219
260 224
247 224
174 317
187 309
197 304
204 306
213 304
224 310
236 317
225 329
215 334
206 335
197 334
187 328
180 317
197 316
205 317
213 316
230 317
214 317
205 318
197 317
