163 324
167 361
175 398
184 432
199 464
219 492
245 514
275 531
307 534
337 524
365 506
390 483
408 455
420 423
427 390
430 355
429 321
186 301
204 284
229 277
253 281
275 292
321 292
339 281
362 276
384 279
401 294
298 323
298 348
298 372
299 397
271 415
285 417
299 419
314 417
327 413
216 327
231 319
247 320
261 333
246 334
229 333
335 331
348 318
364 316
378 324
365 331
349 332
255 457
272 451
288 446
300 450
310 445
327 450
345 453
329 472
313 480
301 482
288 481
273 475
262 458
288 459
300 460
311 458
339 454
312 460
301 462
289 461
