164 319
164 352
170 384
177 416
188 446
207 475
232 499
261 520
295 528
329 522
357 502
381 479
400 452
411 422
417 389
423 356
422 322
186 288
204 273
228 269
253 272
276 284
322 285
343 273
367 269
390 272
406 288
297 320
298 342
298 363
298 385
270 403
283 408
297 412
311 408
325 403
217 318
232 312
248 312
263 324
247 326
230 325
331 325
347 314
364 312
378 317
364 326
347 326
245 443
267 441
286 436
297 440
308 436
325 440
345 444
325 462
309 471
297 472
284 471
267 463
253 445
285 450
297 452
308 450
338 445
308 452
297 453
286 452
