111 190
114 213
120 236
126 259
134 279
146 297
163 312
183 323
205 327
228 322
248 310
264 294
276 274
283 254
287 232
292 209
294 185
130 166
141 157
155 152
170 152
184 157
221 156
236 152
250 151
264 155
275 165
203 182
203 197
204 211
205 226
188 239
196 241
204 243
213 241
221 239
149 188
158 181
169 180
180 188
169 190
158 190
227 187
237 180
248 180
257 186
248 189
237 188
172 269
183 258
196 252
205 254
214 252
227 258
240 268
228 284
215 290
205 291
195 290
183 284
177 269
196 264
205 264
214 264
235 268
214 277
205 278
196 277
