105 198
108 223
113 246
118 269
127 291
139 311
155 328
175 341
197 345
220 340
241 328
260 312
274 292
282 269
287 245
291 220
294 195
118 185
129 173
145 168
163 168
180 173
213 172
230 166
247 165
263 169
275 180
196 198
197 214
197 229
198 244
181 255
189 257
197 259
206 257
214 255
140 204
151 198
163 197
173 205
163 207
150 207
220 205
231 196
243 196
253 202
244 206
231 207
165 282
177 272
189 268
198 270
207 268
220 272
233 280
221 297
208 304
198 305
188 304
176 298
172 282
189 278
198 278
207 278
227 281
207 289
198 290
188 289
