146 276
151 313
157 349
165 385
181 417
206 444
236 466
269 485
304 491
339 484
370 463
399 438
422 409
435 375
442 338
446 302
447 265
182 251
203 237
229 234
255 239
280 248
324 247
346 236
371 230
396 231
417 244
303 275
304 300
305 324
306 348
278 368
292 370
306 373
320 370
333 367
212 280
229 272
247 272
262 285
246 288
227 287
340 284
354 270
373 268
388 276
375 284
357 286
254 408
276 405
295 400
307 404
318 400
335 404
355 405
335 423
318 431
306 432
293 431
275 424
262 409
295 413
307 415
318 413
347 408
318 412
306 414
294 413
