133 367
137 408
144 446
152 486
166 524
190 557
221 584
257 608
299 616
342 608
378 587
409 560
433 528
447 490
454 449
460 407
462 365
158 333
174 311
201 301
229 301
257 310
325 309
353 299
383 297
411 306
429 328
292 355
293 384
294 412
295 440
267 466
281 469
297 473
312 469
326 464
193 362
209 350
229 351
247 365
228 369
207 369
340 365
357 351
378 349
395 361
379 368
358 369
245 518
264 509
283 502
298 506
312 501
333 507
356 515
334 530
314 537
299 538
283 537
264 532
254 519
283 518
298 519
313 517
348 516
314 516
299 518
284 517
