154 307
157 346
164 386
173 424
188 458
210 489
236 514
267 534
300 540
333 533
363 514
391 488
414 456
428 422
437 384
441 345
443 306
183 289
200 274
224 268
249 270
273 280
321 279
345 271
370 269
394 275
412 289
297 312
298 341
299 369
299 397
269 410
284 414
299 418
314 413
328 408
216 315
231 307
249 308
261 321
246 321
229 320
336 320
349 308
366 307
380 316
367 320
351 320
248 445
268 439
286 435
302 438
316 434
334 435
354 441
336 465
319 478
302 481
286 480
268 469
257 447
286 446
302 446
317 444
347 443
318 456
302 459
287 457
