153 288
157 327
163 364
169 400
183 435
205 465
233 490
265 510
301 516
338 510
370 489
399 464
423 434
436 399
442 360
447 320
450 279
182 269
201 250
228 243
256 246
281 256
320 254
345 243
372 239
399 244
418 260
302 286
303 313
303 339
304 365
276 387
290 389
304 391
318 388
332 385
212 294
229 286
247 286
263 299
247 302
228 301
341 296
357 283
375 282
390 289
377 298
359 299
250 428
270 421
289 416
303 420
317 415
337 419
358 425
337 445
318 455
303 457
288 456
269 449
258 429
289 428
303 429
317 427
349 426
317 433
302 435
289 435
