118 315
121 363
128 412
139 458
156 503
183 542
217 574
257 597
303 604
348 598
385 574
417 542
440 502
456 461
469 417
476 372
479 326
168 287
191 270
221 268
250 275
277 285
336 285
365 275
393 270
422 273
443 291
307 322
307 350
307 377
307 405
272 434
288 436
305 439
321 437
336 436
199 329
217 322
237 324
255 334
236 337
216 337
354 335
372 327
392 327
410 334
393 341
373 340
246 492
270 478
291 471
304 475
317 471
338 480
359 494
338 509
318 517
304 518
289 516
269 508
256 493
290 490
304 491
318 490
349 494
318 491
303 493
290 491
