164 301
169 335
175 367
183 398
195 429
214 455
239 478
267 497
299 503
331 497
359 478
382 453
401 425
413 394
420 361
427 327
430 291
185 282
202 269
224 265
246 269
268 277
314 275
336 266
359 262
383 265
403 277
292 300
293 322
294 344
294 365
271 380
283 383
294 387
306 383
318 380
213 303
227 295
245 295
258 308
243 310
226 309
329 307
342 294
360 293
375 302
361 308
344 308
247 421
265 409
283 403
295 406
307 403
326 409
345 418
327 442
309 452
296 454
282 452
264 443
255 422
282 417
295 417
308 417
338 419
308 433
296 435
282 434
