137 353
142 390
150 425
156 460
167 494
191 521
223 542
260 560
301 568
343 562
379 544
409 521
431 492
442 457
448 420
455 384
459 347
161 300
178 275
207 264
237 268
264 281
325 284
350 270
380 265
409 275
428 299
298 320
298 345
299 370
299 396
265 421
283 425
300 428
318 424
335 421
195 329
210 317
230 317
248 332
230 334
210 335
345 333
362 319
382 319
397 330
383 335
363 335
244 478
266 466
287 459
302 463
317 459
338 468
361 479
339 498
318 506
302 507
286 505
266 497
254 479
286 478
302 480
317 479
351 480
317 481
302 483
286 481
