161 275
165 313
171 351
178 388
193 421
215 452
239 481
268 505
300 512
331 506
360 481
385 453
406 422
421 389
428 352
434 314
438 274
186 257
203 242
227 236
251 239
273 249
328 249
350 239
374 236
397 240
414 254
299 285
300 312
301 338
303 363
276 382
289 383
302 387
314 383
326 381
214 286
230 278
249 280
263 294
246 296
228 295
335 295
349 280
368 277
383 286
370 295
351 297
243 413
265 411
287 409
302 412
318 408
338 409
358 412
339 442
319 454
302 456
285 455
264 443
251 415
286 419
302 421
318 419
350 415
318 433
302 436
286 434
